Welcome to the MATRIX! calculator.
For exit type 'exit' for help type 'help'.
-------------------------------------------

Matrix honza successfully loaded.
     0     0     0     1     0
     1     0     0     2     0
     0     0     2     0     0
     0     0     0     0     1
     0     0     0     0     3

Matrix georg successfully loaded.
     1     2     3     1     2     4
     4     7    87    12     3     4
    56    77     8   144     7    64
     4    33   201    22     0     9

Matrix honza would be eliminated in these steps:
     0     0     0     1     0
     1     0     0     2     0
     0     0     2     0     0
     0     0     0     0     1
     0     0     0     0     3

     1     0     0     2     0
     0     0     2     0     0
     0     0     0     1     0
     0     0     0     0     1
     0     0     0     0     3

     1     0     0     2     0
     0     0     2     0     0
     0     0     0     1     0
     0     0     0     0     1
     0     0     0     0     0

Operation failed.
Matrix georg is not square - cannot get determinant.
Matrix georg has been eliminated in these steps:
     1     2     3     1     2     4
     4     7    87    12     3     4
    56    77     8   144     7    64
     4    33   201    22     0     9

    56    77     8   144     7    64
     4     7    87    12     3     4
     4    33   201    22     0     9
     1     2     3     1     2     4

    56    77     8   144     7    64
     0    84  4840    96   140   -32
     4    33   201    22     0     9
     1     2     3     1     2     4

            56            77             8           144             7            64
             0            84          4840            96           140           -32
             0          1540         11224           656           -28           248
             1             2             3             1             2             4

            56            77             8           144             7            64
             0            84          4840            96           140           -32
             0          1540         11224           656           -28           248
             0            35           160           -88           105           160

            56            77             8           144             7            64
             0            84          4840            96           140           -32
             0             0      -6510.78       -92.736      -217.952        70.112
             0            35           160           -88           105           160

            56            77             8           144             7            64
             0            84          4840            96           140           -32
             0             0      -6510.78       -92.736      -217.952        70.112
             0             0       -155960        -10752          3920         14560

            56            77             8           144             7            64
             0            84          4840            96           140           -32
             0             0      -6510.78       -92.736      -217.952        70.112
             0             0             0       555.408      -595.141      -838.623

Closing the app.
